256
479
479
479
479
479
479
479
479
0
38
38
38
38
479
479
479
479
0
38
38
38
38
298
299
314
315
0
38
38
38
38
96
97
112
479
0
38
38
38
38
98
99
479
479
0
38
38
38
38
100
101
479
117
0
38
38
38
53
68
329
346
479
0
38
38
52
53
328
329
479
479
0
38
38
52
38
328
69
479
347
0
46
47
62
63
479
479
479
479
0
479
479
479
479
74
75
90
91
0
0
1
16
17
479
479
479
479
0
6
7
22
23
479
479
479
479
0
4
5
20
21
479
479
479
479
0
268
269
284
285
479
479
479
479
0
270
271
286
287
479
479
479
479
0
42
43
58
59
106
107
122
123
1
44
45
60
61
232
233
248
249
1
292
293
308
309
479
479
479
479
1
479
479
479
479
479
479
479
479
0
38
38
38
38
198
199
214
215
0
40
41
56
57
479
479
479
479
0
38
38
38
38
68
69
84
85
0
38
38
38
38
128
479
144
479
0
258
259
274
275
479
479
479
479
0
38
38
38
38
479
133
479
149
0
38
37
38
53
330
479
346
479
0
36
37
52
53
479
479
479
479
0
36
38
52
38
479
331
479
347
0
78
79
94
95
479
479
479
479
0
148
7
18
402
479
479
479
479
0
6
164
387
19
479
479
479
479
0
2
3
18
19
479
479
479
479
0
2
387
18
403
479
479
479
479
0
300
301
316
317
479
479
479
479
0
302
303
318
319
479
479
479
479
0
42
43
58
59
138
139
154
155
0
44
45
60
61
234
235
250
251
0
294
295
310
311
479
479
479
479
0
479
479
479
479
479
479
479
479
0
38
38
38
38
230
231
246
247
0
38
38
38
38
72
73
88
89
0
38
38
38
38
262
263
278
279
0
38
38
38
38
160
479
176
177
0
38
38
38
38
479
479
178
179
0
38
38
38
38
479
165
180
181
0
38
37
38
38
330
479
84
345
0
36
37
38
38
479
479
344
345
0
36
38
38
38
479
331
344
85
0
386
387
402
403
479
479
479
479
0
113
5
129
17
479
479
479
479
0
4
116
16
132
479
479
479
479
0
113
116
129
132
479
479
479
479
0
386
3
402
19
479
479
479
479
0
6
7
402
403
479
479
479
479
0
148
7
22
23
479
479
479
479
0
479
479
479
479
479
479
479
479
0
479
479
479
479
479
479
479
479
0
479
479
479
479
479
479
479
479
0
479
479
479
479
479
479
479
479
0
38
38
38
38
140
141
156
157
0
38
38
38
38
108
109
124
125
0
38
38
38
38
228
229
244
245
0
38
38
38
38
236
237
252
253
0
38
38
38
38
238
239
254
255
0
36
37
52
53
228
229
244
245
0
36
37
52
53
236
237
252
253
0
36
37
52
53
238
239
254
255
0
36
37
52
53
262
263
278
279
0
38
38
38
38
110
111
126
127
0
196
197
212
213
479
479
479
479
0
260
261
276
277
479
479
479
479
0
64
65
80
81
130
131
146
147
0
44
45
60
61
130
131
146
147
0
113
1
129
17
479
479
479
479
0
6
164
22
23
479
479
479
479
0
479
479
479
479
479
479
479
479
0
479
479
479
479
479
479
479
479
0
479
479
479
479
479
479
479
479
0
479
479
479
479
479
479
479
479
0
38
38
38
38
479
479
479
439
0
38
38
376
377
439
440
479
479
0
38
38
38
38
479
479
440
479
0
38
38
38
377
439
440
455
479
0
38
38
376
38
439
440
479
456
0
38
38
38
38
68
329
84
345
0
38
38
38
38
328
69
344
85
0
38
38
38
38
166
167
182
183
0
38
38
38
38
168
169
184
185
0
38
38
38
38
174
175
190
191
0
38
361
376
377
140
479
479
479
0
377
38
376
377
479
141
479
479
0
114
1
129
17
479
479
479
479
0
0
115
16
132
479
479
479
479
0
0
116
16
132
479
479
479
479
0
479
479
479
479
479
479
479
479
0
479
479
479
479
479
479
479
479
0
479
479
479
479
479
479
479
479
0
479
479
479
479
479
479
479
479
0
479
479
479
479
479
479
479
479
0
38
361
38
377
439
479
455
479
0
360
361
376
377
479
479
479
479
0
360
38
376
38
479
440
479
456
0
38
361
38
38
439
479
455
456
0
360
38
38
38
479
440
455
456
0
38
38
38
38
68
69
346
347
0
38
38
38
38
330
331
84
85
0
36
37
52
53
166
167
182
183
0
36
37
52
53
168
169
184
185
0
36
37
52
53
110
111
126
127
0
360
361
38
377
479
479
156
479
0
360
361
376
38
479
479
479
157
0
479
479
479
479
479
479
479
479
0
479
479
479
479
479
479
479
479
0
479
479
479
479
479
479
479
479
0
479
479
479
479
479
479
479
479
0
479
479
479
479
479
479
479
479
0
479
479
479
479
479
479
479
479
0
479
479
479
479
479
479
479
479
0
479
479
479
479
479
479
479
479
0
38
38
38
38
479
455
479
479
0
360
361
38
38
479
479
455
456
0
38
38
38
38
456
479
479
479
0
352
65
368
81
479
479
479
479
0
64
353
80
369
479
479
479
479
0
320
45
336
61
479
479
479
479
0
44
321
60
337
479
479
479
479
0
64
65
80
81
192
193
208
209
0
44
45
60
61
192
193
208
209
0
36
37
52
53
174
175
190
191
0
479
479
479
479
479
479
479
479
0
479
479
479
479
479
479
479
479
0
479
479
479
479
479
479
479
479
0
479
479
479
479
479
479
479
479
0
479
479
479
479
479
479
479
479
0
479
479
479
479
479
479
479
479
0
479
479
479
479
479
479
479
479
0
479
479
479
479
479
479
479
479
0
479
479
479
479
479
479
479
479
0
479
479
479
479
479
479
479
479
0
356
355
400
81
479
479
479
479
0
354
355
80
81
479
479
479
479
0
354
357
80
401
479
479
479
479
0
324
323
384
61
479
479
479
479
0
322
323
60
61
479
479
479
479
0
322
325
60
385
479
479
479
479
0
66
332
348
34
479
479
479
479
0
332
332
34
34
479
479
479
479
0
332
67
34
333
479
479
479
479
0
44
45
60
61
142
143
158
159
0
479
479
479
479
479
479
479
479
0
479
479
479
479
479
479
479
479
0
479
479
479
479
479
479
479
479
0
479
479
479
479
479
479
479
479
0
479
479
479
479
479
479
479
479
0
479
479
479
479
479
479
479
479
0
479
479
479
479
479
479
479
479
0
479
479
479
479
479
479
479
479
0
479
479
479
479
479
479
479
479
0
479
479
479
479
479
479
479
479
0
352
65
400
81
479
479
479
479
0
64
65
80
81
479
479
479
479
0
64
353
80
401
479
479
479
479
0
320
45
384
61
479
479
479
479
0
44
45
60
61
479
479
479
479
0
44
321
60
385
479
479
479
479
0
348
34
348
34
479
479
479
479
0
34
34
34
34
479
479
479
479
0
34
333
34
333
479
479
479
479
0
38
38
38
38
142
143
158
159
0
479
479
479
479
479
479
479
479
0
479
479
479
479
479
479
479
479
0
479
479
479
479
479
479
479
479
0
479
479
479
479
479
479
479
479
0
479
479
479
479
479
479
479
479
0
479
479
479
479
479
479
479
479
0
479
479
479
479
479
479
479
479
0
479
479
479
479
479
479
479
479
0
479
479
479
479
479
479
479
479
0
479
479
479
479
479
479
479
479
0
352
65
372
371
479
479
479
479
0
64
65
370
371
479
479
479
479
0
64
353
370
373
479
479
479
479
0
320
45
340
339
479
479
479
479
0
44
45
338
339
479
479
479
479
0
44
321
338
341
479
479
479
479
0
348
34
82
349
479
479
479
479
0
34
34
349
349
479
479
479
479
0
34
333
349
83
479
479
479
479
0
36
37
52
53
142
143
158
159
0
479
479
479
479
479
479
479
479
0
479
479
479
479
479
479
479
479
0
479
479
479
479
479
479
479
479
0
479
479
479
479
479
479
479
479
0
479
479
479
479
479
479
479
479
0
479
479
479
479
479
479
479
479
0
479
479
479
479
479
479
479
479
0
479
479
479
479
479
479
479
479
0
479
479
479
479
479
479
479
479
0
479
479
479
479
479
479
479
479
0
388
65
80
81
479
479
479
479
0
64
389
80
81
479
479
479
479
0
326
45
60
61
479
479
479
479
0
44
327
60
61
479
479
479
479
0
334
34
34
34
479
479
479
479
0
34
335
34
34
479
479
479
479
0
34
34
34
34
172
173
188
189
0
64
65
80
81
224
225
240
241
0
44
45
60
61
224
225
240
241
0
202
203
218
219
479
479
479
479
0
479
479
479
479
479
479
479
479
0
479
479
479
479
479
479
479
479
0
479
479
479
479
479
479
479
479
0
479
479
479
479
479
479
479
479
0
479
479
479
479
479
479
479
479
0
479
479
479
479
479
479
479
479
0
479
479
479
479
479
479
479
479
0
479
479
479
479
479
479
479
479
0
479
479
479
479
479
479
479
479
0
479
479
479
479
479
479
479
479
0
64
65
404
81
479
479
479
479
0
64
65
80
405
479
479
479
479
0
44
45
342
61
479
479
479
479
0
44
45
60
343
479
479
479
479
0
34
34
350
34
479
479
479
479
0
34
34
34
351
479
479
479
479
0
226
227
242
243
479
479
479
479
0
64
65
80
81
479
479
186
187
0
44
45
60
61
479
479
186
187
0
34
34
34
34
479
479
186
187
0
479
479
479
479
479
479
479
479
0
479
479
479
479
479
479
479
479
0
479
479
479
479
479
479
479
479
0
479
479
479
479
479
479
479
479
0
479
479
479
479
479
479
479
479
0
479
479
479
479
479
479
479
479
0
479
479
479
479
479
479
479
479
0
479
479
479
479
479
479
479
479
0
479
479
479
479
479
479
479
479
0
479
479
479
479
479
479
479
479
0
64
65
80
81
204
205
220
221
0
44
45
60
61
204
205
220
221
0
34
34
34
34
204
205
220
221
0
44
45
60
61
194
195
210
211
0
44
45
60
61
200
201
216
217
0
479
479
479
479
479
479
479
479
0
479
479
479
479
479
479
479
479
0
479
479
479
479
479
479
479
479
0
479
479
479
479
479
479
479
479
0
479
479
479
479
479
479
479
479
0
479
479
479
479
479
479
479
479
0
479
479
479
479
479
479
479
479
0
479
479
479
479
479
479
479
479
0
479
479
479
479
479
479
479
479
0
479
479
479
479
479
479
479
479
0
479
479
479
479
479
479
479
479
0
