16
16
101
null
111
1
121
1
121
1
121
1
121
1
121
1
121
1
121
1
121
1
121
1
121
1
121
1
121
1
121
1
121
1
110
1
102
1
1
0
1
0
1
0
1
0
1
0
1
0
1
0
1
0
1
0
1
0
1
0
1
0
1
0
1
0
100
1
102
1
1
0
1
0
1
2
1
2
1
2
1
2
1
2
1
0
1
0
1
0
1
0
1
0
1
0
1
0
100
1
102
1
1
0
1
2
3
3
4
3
4
3
4
3
5
3
1
2
1
0
1
0
44
0
44
0
44
0
1
0
100
1
102
1
1
0
1
2
23
3
1
3
1
3
1
3
25
3
1
2
1
0
25
0
16
1
16
1
16
1
23
0
100
1
102
1
1
0
1
2
43
3
44
3
44
3
1
3
45
3
1
2
1
0
25
0
16
1
16
1
16
1
23
0
100
1
102
1
1
0
1
0
29
1
70
2
29
1
1
0
29
1
1
0
1
0
25
0
16
1
16
1
16
1
23
0
100
1
102
1
1
0
1
0
1
0
22
0
1
0
1
0
1
0
1
0
1
0
1
0
4
0
4
0
4
0
1
0
100
1
102
1
1
0
1
0
1
0
1
0
1
0
1
0
1
0
1
0
1
0
1
0
1
0
1
0
1
0
1
0
100
1
102
1
1
0
1
0
1
0
1
0
1
0
1
0
1
0
1
0
1
0
1
0
1
0
1
0
1
0
1
0
100
1
102
1
1
0
1
0
1
0
1
0
1
0
1
0
1
0
1
0
1
0
1
0
1
0
1
0
1
0
1
0
100
1
102
1
1
0
1
0
1
0
1
0
1
0
1
0
1
0
1
0
1
0
1
0
1
0
1
0
1
0
1
0
100
1
102
1
1
0
1
0
1
0
1
0
1
0
1
0
1
0
1
0
1
0
1
0
1
0
1
0
1
0
1
0
100
1
102
1
1
0
1
0
1
0
1
0
1
0
1
0
1
0
1
0
1
0
1
0
1
0
1
0
1
0
1
0
100
1
102
1
1
0
1
0
1
0
1
0
1
0
1
0
1
0
1
0
1
0
1
0
1
0
1
0
1
0
1
0
100
1
91
1
81
1
81
1
81
1
81
1
81
1
81
1
81
1
81
1
81
1
81
1
81
1
81
1
81
1
81
1
90
1
4
1
12
10
1
aaaa
7
1
1
1
0
1
1
14
1
aaac
10
1
1
1
2
4
5
14
0
aaab
5
4
6
0
aaae
0
